100
100
130
24
211
106
190
201
197
68
23
13
101
49
65
23
155
87
62
45
207
135
70
169
20
58
89
71
58
79
200
132
39
154
2
28
207
168
230
254
221
7
60
174
80
243
180
46
159
149
193
172
52
66
26
48
187
216
4
153
16
118
143
117
123
147
230
202
47
36
72
242
112
63
80
200
75
151
89
32
134
43
168
165
142
28
79
228
128
209
97
246
164
77
238
102
120
198
51
189
13
233
255
123
76
206
59
244
242
82
229
35
127
227
18
229
206
233
231
95
68
1
74
94
194
82
78
34
81
233
79
132
100
155
19
157
43
44
88
191
224
90
242
45
236
62
118
192
59
9
151
142
223
212
121
12
158
160
184
250
127
25
163
8
2
97
190
228
208
116
185
162
145
40
126
233
14
28
114
132
219
142
231
72
81
193
164
144
34
6
254
138
116
94
63
199
183
234
42
138
127
146
239
198
79
245
253
183
85
143
254
129
46
52
30
241
50
91
183
65
188
46
194
201
117
46
45
50
232
183
50
35
242
231
4
73
158
32
248
91
196
237
58
146
8
124
92
63
63
78
149
92
51
233
206
81
208
38
80
33
199
202
206
158
93
218
143
71
47
213
82
17
98
91
125
206
243
47
193
249
210
238
243
153
34
214
240
8
24
179
121
120
207
215
148
249
30
156
53
46
237
20
15
106
251
131
249
216
107
255
94
160
101
87
79
217
215
53
123
134
233
135
46
124
91
218
65
139
198
131
175
86
250
146
11
189
222
137
158
158
220
24
156
24
85
217
18
120
135
186
34
233
32
174
68
102
229
147
14
32
65
110
17
231
80
7
165
210
75
145
251
77
151
221
169
209
234
22
39
130
199
201
3
12
97
198
53
76
78
165
216
75
123
125
92
110
7
181
200
77
51
64
44
246
191
212
82
67
4
115
123
207
107
139
88
120
106
4
134
137
209
89
132
165
184
176
210
25
128
58
202
53
77
218
79
135
156
12
77
141
115
242
71
219
41
9
223
239
36
228
4
2
47
62
123
217
188
134
61
15
1
56
195
201
168
70
130
145
59
209
219
93
183
248
22
223
18
169
123
175
208
226
245
155
54
200
6
14
94
117
203
22
207
61
139
59
46
125
50
227
135
77
180
82
8
166
74
54
40
156
199
18
10
142
62
30
66
39
147
224
64
115
51
197
6
197
142
121
108
218
176
149
118
152
40
130
46
162
147
144
125
207
229
194
174
184
11
64
255
109
248
7
234
81
162
19
26
238
76
67
24
208
201
78
235
49
155
113
102
187
239
160
148
3
98
113
142
113
22
77
185
78
122
255
226
169
170
37
246
21
104
64
86
80
119
173
6
151
214
124
28
154
218
68
125
88
115
231
239
49
132
169
215
254
137
202
86
201
107
66
135
118
123
81
83
174
73
67
139
181
106
247
154
154
49
31
115
54
130
138
53
195
53
197
144
191
105
87
198
173
87
60
43
148
245
165
30
137
240
206
14
47
92
58
198
141
14
61
204
106
86
32
70
225
12
195
65
181
192
147
69
242
125
221
94
45
203
6
164
140
0
234
69
180
124
6
103
251
254
2
176
44
138
92
87
54
246
74
136
50
100
105
200
93
137
28
177
126
220
152
193
8
152
64
105
107
218
146
101
5
91
69
183
190
226
24
103
33
133
39
55
129
125
113
39
151
33
232
42
96
84
232
31
101
64
168
147
74
242
235
91
99
228
130
214
30
177
10
122
112
180
144
249
180
97
64
138
38
25
210
73
242
103
5
177
115
38
81
125
58
133
29
46
153
203
212
156
250
155
8
229
23
110
186
171
195
239
106
4
0
30
108
48
32
161
105
251
223
209
99
248
96
141
63
235
151
97
95
233
140
163
143
139
16
236
50
132
173
89
237
131
187
76
124
28
24
236
14
247
97
217
188
41
56
15
132
138
46
207
19
98
143
129
120
92
142
225
32
51
111
229
77
134
228
223
61
20
16
35
211
171
82
104
135
179
230
102
83
0
104
168
86
222
69
139
244
57
212
31
142
54
203
219
136
124
139
54
68
88
210
112
121
10
252
104
15
39
249
197
118
39
142
32
203
199
143
111
64
89
235
3
64
240
149
156
224
119
223
10
39
176
33
250
46
247
46
75
225
221
123
204
63
15
169
102
168
171
16
193
237
28
246
235
109
206
47
136
116
95
136
152
71
239
157
197
5
147
242
211
152
67
141
98
221
30
196
49
70
46
244
52
102
30
28
11
185
54
141
95
200
165
214
130
85
227
133
80
113
227
97
20
184
61
40
170
142
147
14
78
10
254
65
70
107
83
49
40
210
146
12
207
6
146
11
242
108
11
13
249
153
115
191
99
205
224
124
41
246
114
125
37
39
63
85
201
99
144
23
2
177
92
126
222
215
146
13
38
50
53
61
130
134
20
180
150
62
222
120
138
215
8
50
95
21
230
167
198
60
65
143
220
244
10
72
61
245
225
139
59
210
85
246
192
53
250
159
19
138
190
138
132
23
140
43
168
42
30
201
241
234
71
233
240
166
97
142
124
204
119
161
93
83
61
184
129
18
113
42
26
71
148
60
126
183
10
196
104
223
159
18
214
23
153
80
139
108
5
26
212
108
35
71
18
29
44
49
218
212
169
150
184
244
174
170
86
10
107
57
155
156
38
156
44
100
202
70
185
237
45
21
12
87
85
174
35
77
41
96
138
217
234
147
54
8
90
226
104
239
249
128
0
204
126
55
70
134
26
173
82
230
119
236
167
148
138
97
158
255
134
8
225
10
175
194
178
146
101
36
10
232
221
202
243
172
20
63
216
30
104
157
51
123
14
163
97
253
236
162
125
248
67
104
104
240
159
246
29
188
132
179
32
246
163
105
8
173
249
250
127
74
137
128
151
233
213
101
252
11
97
181
165
195
166
17
164
116
97
2
12
29
34
27
153
180
124
60
215
164
154
179
3
242
34
50
111
195
209
127
27
58
250
17
90
207
14
93
80
146
196
148
75
247
237
98
40
109
230
226
109
153
141
87
112
173
178
178
161
115
161
225
163
226
231
210
35
16
193
202
165
31
236
69
223
6
104
12
4
192
10
2
220
238
17
129
172
162
161
173
29
92
187
220
240
227
240
104
15
26
62
23
172
28
61
78
172
71
120
105
69
166
174
225
104
159
4
180
208
101
38
128
111
19
172
73
99
15
85
251
22
255
252
233
129
242
85
192
177
195
213
100
42
55
104
119
173
218
116
80
223
60
152
170
244
189
168
152
111
243
234
156
242
124
83
69
169
196
95
117
73
68
3
12
143
193
86
55
171
53
155
137
155
4
28
217
103
81
245
195
74
188
80
190
217
56
114
173
228
34
205
233
122
254
6
154
56
139
26
51
103
113
237
57
87
96
1
237
95
121
222
88
206
155
43
140
243
69
51
87
78
168
82
136
104
177
15
157
253
129
161
219
55
193
92
216
207
22
102
121
55
132
77
106
67
117
26
222
210
122
167
243
87
195
228
190
30
101
209
165
81
99
240
222
216
2
32
12
62
82
189
221
222
186
31
201
91
232
68
243
151
48
202
131
218
173
132
115
221
158
186
105
69
192
39
211
148
111
146
65
84
13
159
128
188
201
21
157
163
26
99
54
32
222
14
32
153
108
3
43
126
173
47
160
152
83
152
29
146
75
52
235
85
3
159
137
145
74
198
16
152
230
207
194
59
132
73
102
178
7
57
40
107
103
194
167
222
255
231
104
49
247
11
88
229
119
224
29
63
133
142
79
165
243
146
152
221
108
100
20
10
49
107
138
17
12
128
238
64
247
170
145
98
93
222
160
219
119
220
196
163
43
39
44
120
234
130
120
212
42
201
113
155
211
94
0
140
128
70
217
247
241
220
71
219
253
237
72
20
242
189
101
143
160
112
222
9
62
17
39
138
8
26
22
46
56
246
142
255
221
19
90
48
3
205
178
79
224
81
123
252
58
99
225
109
99
225
250
99
127
247
78
110
31
78
238
215
197
25
162
6
95
72
54
223
98
52
140
211
189
143
40
236
150
42
79
164
56
169
202
87
251
43
127
230
196
236
17
181
222
218
137
199
175
116
157
241
44
1
10
46
85
39
165
240
206
97
216
244
254
74
158
27
78
74
11
52
201
80
26
118
35
214
244
226
5
97
61
33
141
94
120
55
159
155
1
211
133
143
23
98
19
29
182
148
60
109
120
100
104
105
40
219
230
148
11
126
50
194
234
109
36
182
102
160
209
103
124
179
73
56
174
58
56
183
98
5
32
96
166
151
232
216
184
36
53
156
80
10
143
131
160
195
164
170
62
93
182
21
194
213
241
197
27
48
186
238
163
46
49
5
93
209
28
82
132
75
253
66
106
52
23
113
35
197
151
235
149
142
121
5
78
11
158
209
166
35
189
135
105
71
249
33
217
137
37
206
166
81
38
242
95
116
170
141
189
127
161
85
153
207
88
20
181
44
183
82
51
74
172
96
142
117
217
35
59
246
152
154
160
200
68
68
104
134
165
218
96
16
19
39
130
103
238
153
238
228
107
172
210
210
155
92
165
197
100
234
155
135
82
199
230
6
180
208
138
20
172
46
134
220
242
34
55
132
222
38
135
63
52
86
138
236
199
205
45
232
158
162
34
187
63
217
190
75
65
123
178
29
15
217
55
61
38
245
224
120
36
32
231
61
99
91
82
251
61
250
62
230
163
162
118
9
11
203
157
25
99
236
67
98
115
105
48
91
30
77
197
210
237
180
195
125
187
229
87
227
134
195
13
71
61
203
121
108
99
46
49
90
88
199
20
56
221
132
201
249
43
247
220
240
52
108
249
238
222
248
78
38
115
186
146
160
222
251
37
168
239
195
247
240
28
107
122
38
160
139
159
54
28
94
183
143
230
29
18
208
210
139
141
106
224
10
231
157
52
115
89
226
95
33
9
103
255
235
212
201
242
211
78
82
89
23
10
21
2
3
185
193
232
84
213
100
53
140
16
17
132
220
241
44
50
189
214
250
84
80
143
250
72
73
222
254
61
59
17
200
0
209
155
49
186
151
249
11
75
165
49
114
219
194
68
21
225
33
32
155
64
15
192
178
115
191
120
159
118
214
39
250
123
71
17
178
64
192
114
155
196
203
175
174
30
28
31
133
4
200
29
27
27
118
136
240
17
233
189
250
30
90
149
116
126
54
247
147
177
146
213
33
175
133
215
116
95
17
147
87
159
242
154
173
185
11
223
5
191
32
161
87
3
119
124
105
54
59
48
231
36
139
212
114
243
251
107
149
158
19
144
255
85
101
90
44
192
231
186
114
87
242
212
145
241
126
29
56
8
109
62
36
225
172
50
20
30
39
186
189
160
73
102
171
143
161
1
157
28
80
169
78
128
189
144
50
182
66
128
117
221
51
141
48
212
108
30
169
51
70
13
152
45
252
210
13
139
40
1
79
125
128
27
184
196
240
163
35
27
0
93
219
166
68
223
108
188
54
215
35
131
87
106
213
66
16
32
132
235
131
166
142
65
49
248
93
23
212
108
227
200
251
141
50
233
49
241
232
28
101
80
85
81
222
204
37
21
69
118
179
208
31
55
152
90
207
154
117
76
130
85
232
201
243
90
136
201
55
236
17
31
55
103
133
50
80
60
98
100
210
71
209
93
185
19
169
195
245
216
25
150
124
155
154
16
103
140
94
132
68
92
222
89
100
148
152
184
177
101
9
146
56
17
122
58
131
138
16
223
177
196
212
95
210
122
163
155
204
117
203
196
222
222
32
118
105
120
249
36
123
240
17
143
206
135
94
106
33
95
141
220
123
126
211
127
135
127
134
234
240
252
235
60
154
69
179
89
241
4
209
10
145
235
99
192
178
69
144
75
27
56
122
108
232
238
73
96
11
160
238
234
242
14
52
127
5
213
244
137
212
4
121
29
142
130
75
143
26
18
205
66
239
58
206
184
129
127
83
172
252
83
78
80
21
230
24
130
183
228
187
221
81
6
119
22
190
93
221
101
162
185
69
248
211
172
251
183
64
123
253
134
129
71
141
128
182
41
7
168
106
200
216
54
87
239
241
232
195
183
250
36
161
238
9
66
13
85
125
105
235
97
66
60
231
53
91
9
121
246
96
149
85
53
251
218
225
15
161
227
187
18
243
136
129
217
228
147
61
74
114
96
171
158
188
8
134
155
79
33
148
231
111
205
86
100
206
107
242
47
97
254
179
154
174
216
109
185
186
13
80
199
204
46
131
255
233
183
121
242
83
69
192
128
78
211
163
38
50
28
10
121
161
13
232
115
172
17
240
227
155
204
224
65
209
204
27
64
73
87
123
23
242
255
219
28
62
51
75
218
53
71
135
158
3
215
38
190
69
15
82
215
198
149
87
134
100
127
175
129
183
98
221
218
160
243
134
161
49
204
53
121
198
21
174
84
69
66
62
249
166
93
250
57
4
163
80
93
168
85
183
191
132
201
35
211
105
172
254
15
80
132
140
121
218
217
17
177
231
3
65
34
65
181
219
90
103
164
214
252
163
41
249
220
21
118
244
252
242
218
234
153
68
46
169
33
208
129
94
42
146
158
117
165
19
148
126
207
238
200
107
197
213
1
107
38
139
175
99
100
229
20
190
12
24
167
222
18
12
186
137
229
69
171
105
4
180
84
200
128
247
36
14
42
111
37
195
66
194
130
149
33
30
250
69
126
224
105
140
108
182
107
195
51
63
134
128
42
151
103
114
55
230
227
108
192
5
148
157
243
228
155
79
137
36
104
199
74
101
235
36
74
199
92
202
139
97
219
235
233
164
152
171
91
15
94
58
58
142
133
121
75
203
153
135
26
28
57
15
214
190
54
196
172
67
39
111
137
24
224
94
42
169
180
78
75
240
244
122
197
46
140
188
224
113
216
126
46
212
175
111
40
203
20
42
110
212
254
24
231
239
176
34
173
39
79
162
23
74
60
42
39
190
73
168
49
121
228
58
106
169
65
180
105
113
53
94
149
137
224
118
241
220
146
214
125
106
15
185
34
54
103
227
152
133
71
105
129
107
249
244
240
196
173
62
174
251
184
60
241
240
12
141
106
197
57
75
44
115
43
199
106
42
24
52
65
93
28
228
41
203
220
41
144
235
134
45
46
84
39
129
177
211
200
49
41
217
121
210
76
252
61
13
64
49
138
197
171
121
253
81
223
212
19
37
19
227
253
126
62
11
28
215
76
169
21
151
98
230
10
103
227
73
152
44
141
206
232
94
96
193
129
181
87
214
162
221
192
162
29
69
220
251
147
64
223
102
193
151
28
243
98
197
110
149
109
149
59
230
151
68
251
158
29
125
138
103
128
117
6
55
215
192
200
197
139
232
181
88
76
39
12
80
65
109
94
187
71
194
104
12
161
217
10
217
74
62
221
22
181
120
229
76
144
229
28
162
252
169
9
133
224
227
153
111
55
170
92
176
31
206
32
190
12
250
149
253
181
239
122
77
10
159
162
211
66
192
192
92
81
187
191
157
184
227
44
190
63
155
161
159
225
45
246
230
88
38
63
150
79
30
237
13
46
188
123
64
64
198
45
119
234
255
94
100
15
130
6
41
205
215
190
25
78
219
107
220
168
188
122
27
129
41
13
50
205
177
111
252
104
235
125
121
110
41
180
225
206
146
214
214
32
21
201
119
96
212
190
82
80
158
151
132
75
17
246
193
242
43
151
94
19
10
193
225
90
68
171
36
38
137
13
22
229
164
251
107
96
149
210
249
242
28
171
201
83
249
46
93
51
243
239
162
250
120
195
22
83
231
29
27
40
154
44
198
144
129
158
167
21
138
97
93
89
157
107
246
94
247
141
97
22
78
240
50
154
107
27
109
224
229
23
120
119
182
208
88
239
228
57
210
90
134
71
168
146
146
73
93
13
204
183
92
89
188
5
218
169
249
43
37
101
48
198
48
115
232
229
163
205
18
7
121
190
186
6
143
6
71
160
8
33
190
96
20
45
187
30
187
176
245
174
246
185
20
109
42
192
22
53
170
172
165
143
250
197
61
157
159
181
117
211
98
89
35
3
166
208
178
3
183
201
41
242
215
100
16
192
169
76
220
206
240
18
245
91
123
47
101
78
240
29
127
5
58
34
76
156
149
16
199
89
14
19
125
224
131
179
184
150
180
124
243
82
217
166
227
79
99
199
135
118
107
99
19
154
74
35
183
181
23
116
43
152
133
130
192
220
148
21
216
200
119
206
153
115
41
45
44
147
62
252
56
206
137
81
237
171
0
227
149
95
251
3
127
64
81
90
205
86
230
6
187
78
238
190
255
156
201
159
112
29
247
35
118
27
59
92
15
52
149
21
220
176
127
121
204
116
79
89
33
206
96
213
173
56
64
234
223
202
81
81
225
96
115
120
103
216
140
99
4
245
75
152
193
209
42
10
206
117
242
139
77
112
126
161
189
33
118
62
218
81
124
69
226
68
51
123
61
7
17
244
231
235
84
44
131
199
20
220
13
54
28
106
216
198
3
113
226
209
186
69
98
78
137
179
120
6
182
125
157
175
205
198
100
254
164
97
27
81
30
246
13
154
48
163
53
18
108
28
64
194
152
107
77
203
146
152
98
160
180
124
16
150
62
93
105
85
6
218
33
162
85
144
179
196
56
200
29
229
126
101
153
153
61
219
22
97
121
152
107
11
255
122
157
161
229
119
91
211
58
223
12
146
250
158
108
8
184
137
147
201
122
124
34
78
227
119
89
99
71
7
220
109
110
22
162
219
243
17
222
193
108
74
170
159
88
6
158
158
110
14
168
239
5
162
145
130
88
78
190
110
29
248
139
51
3
159
36
228
251
145
20
166
170
210
93
47
210
130
246
220
216
186
244
56
94
236
103
203
132
32
130
164
83
112
163
116
191
119
155
185
226
186
163
221
249
2
69
51
69
97
176
213
88
226
149
99
3
82
212
22
55
88
95
219
14
112
82
58
46
232
112
90
231
60
250
30
22
22
63
92
167
52
134
35
111
172
76
113
218
63
112
108
163
132
130
137
90
200
207
137
175
10
4
92
240
86
238
27
231
119
76
237
19
119
111
2
209
60
107
97
36
225
95
239
119
4
182
98
186
112
196
78
71
182
173
156
48
42
50
25
190
48
137
99
243
131
88
44
21
127
183
29
92
109
101
206
171
21
229
236
159
140
96
119
178
253
165
93
202
210
210
167
9
82
163
243
87
251
252
244
171
138
77
59
185
166
242
217
81
222
241
26
69
70
121
50
207
18
176
245
221
251
97
66
172
15
20
9
202
113
118
175
25
240
64
20
63
37
189
12
11
204
12
235
225
183
98
195
216
112
35
68
74
6
22
176
40
10
142
169
146
233
14
223
104
66
1
84
6
101
243
170
85
164
234
17
239
118
97
245
172
80
48
90
77
49
100
18
218
143
235
52
150
19
122
34
189
44
130
159
181
14
189
115
125
121
239
166
28
5
193
178
169
153
253
65
184
180
145
54
221
239
121
118
121
190
19
65
41
200
83
194
243
194
63
157
147
189
220
212
65
190
245
212
206
57
139
253
22
56
106
9
154
75
193
198
149
70
250
190
101
174
124
84
178
254
190
231
90
95
174
250
216
189
245
31
249
164
168
63
51
22
43
240
94
74
40
167
0
121
8
76
194
29
110
147
65
161
34
207
122
164
163
182
138
111
48
221
86
162
204
240
158
186
139
79
131
139
246
104
214
23
230
224
87
97
55
186
78
98
222
88
130
216
196
143
115
117
102
238
25
75
81
93
172
24
174
8
145
31
15
181
171
186
249
99
189
194
94
41
55
118
142
244
196
116
109
197
245
252
220
14
37
7
78
138
198
136
52
63
178
47
40
47
82
40
173
199
223
97
210
176
22
60
183
163
188
92
153
55
170
232
18
149
66
1
143
163
107
110
157
52
141
31
119
8
77
94
161
155
199
166
230
148
42
43
247
233
80
171
206
105
239
252
148
201
29
147
236
80
153
9
91
112
195
157
35
246
197
174
85
93
186
254
112
4
2
125
107
23
9
165
82
192
160
52
69
144
139
173
234
186
114
81
2
189
74
117
208
140
8
1
36
161
85
112
174
240
140
144
198
159
40
213
70
243
183
155
208
143
88
146
107
23
196
155
235
105
252
178
185
141
173
222
14
8
129
176
106
47
134
84
4
250
230
75
145
156
10
14
6
174
164
65
51
118
150
13
221
186
132
68
244
217
214
57
241
73
198
62
114
6
49
160
9
4
142
112
48
120
9
78
94
237
172
11
232
108
170
152
113
116
211
176
171
65
95
42
36
172
89
72
214
204
156
255
125
4
55
47
231
38
220
101
176
53
229
7
45
202
81
133
158
45
204
254
51
129
245
199
165
99
75
131
30
193
120
146
81
172
142
228
52
123
176
75
151
110
255
117
92
88
252
89
91
212
169
168
255
158
204
251
14
112
137
131
218
88
70
239
189
83
182
128
60
109
81
34
124
129
102
197
129
128
107
76
103
242
40
74
23
208
146
178
224
146
213
195
241
44
112
63
39
16
183
8
162
123
29
237
131
134
43
125
56
6
121
142
5
60
28
232
47
251
215
236
192
3
159
169
152
141
49
79
17
38
157
113
200
98
170
235
212
58
199
145
165
21
122
218
25
71
190
181
16
135
15
44
57
202
72
158
220
115
85
245
85
219
108
17
105
8
197
163
146
49
19
245
51
69
71
171
136
197
144
80
207
124
63
138
22
112
56
253
26
11
15
97
229
209
60
201
169
105
112
16
130
27
34
222
115
26
248
243
131
156
22
22
226
5
38
217
155
225
250
248
208
199
136
134
34
178
15
97
9
126
1
31
85
127
206
179
89
97
22
252
120
68
122
125
245
249
126
223
171
98
46
199
110
120
64
186
146
156
188
193
10
150
234
5
154
247
193
98
54
114
128
58
203
254
128
139
76
11
145
41
51
48
182
166
79
58
176
220
63
19
33
188
164
85
241
225
90
117
226
253
56
27
169
56
226
243
252
112
248
180
110
135
11
147
141
218
224
67
181
96
70
228
35
34
81
195
149
117
13
158
49
214
41
147
241
23
134
125
196
92
62
64
228
138
165
154
177
17
199
22
1
22
192
129
182
83
248
134
231
30
93
134
98
89
131
151
94
119
161
117
84
98
126
88
34
6
255
153
125
182
17
131
173
246
157
26
22
167
220
157
31
255
149
165
254
183
221
139
7
14
60
57
111
82
194
158
152
103
95
176
83
94
9
49
12
218
216
108
187
104
128
182
155
4
85
84
204
216
90
106
41
116
145
111
122
216
19
91
52
254
130
174
71
44
73
193
246
100
153
36
223
113
207
159
141
133
158
107
252
109
210
191
13
245
134
222
204
154
182
52
198
124
55
188
229
210
111
111
186
148
93
103
63
53
139
184
165
242
225
244
57
168
95
198
44
195
161
81
165
107
244
92
173
100
94
98
57
18
185
187
22
47
177
103
16
106
127
215
106
206
57
218
184
194
250
29
29
112
143
34
48
29
201
79
160
1
185
219
215
41
126
146
56
38
222
10
247
248
182
194
67
201
231
215
49
25
164
235
106
64
68
201
130
151
138
248
101
98
198
14
176
164
255
65
79
166
161
146
227
239
38
36
185
205
222
103
54
241
29
135
93
206
113
151
228
181
16
160
155
230
165
149
49
168
17
158
201
166
136
139
119
17
8
122
25
32
15
181
185
35
194
115
68
63
177
226
51
104
93
153
150
1
246
253
74
145
242
17
187
63
157
143
105
145
15
75
198
246
125
195
165
90
231
120
36
49
80
242
246
47
107
97
73
238
245
118
27
10
47
136
45
254
249
121
134
50
10
178
48
102
28
60
235
153
243
59
25
125
217
24
65
0
27
140
212
60
70
122
156
152
47
187
198
244
150
167
97
109
242
241
39
157
194
143
18
46
117
176
250
186
92
157
49
22
71
45
226
108
164
74
236
143
22
151
54
97
118
246
2
76
217
172
139
231
241
163
61
139
122
166
198
149
127
226
59
145
137
175
173
105
196
244
200
168
5
151
135
42
88
177
184
127
174
174
224
176
18
73
37
163
239
87
242
254
131
86
15
52
91
165
215
198
72
152
135
228
227
227
226
90
28
19
50
201
238
71
231
209
1
139
127
64
138
10
122
109
2
202
36
174
135
82
206
179
217
241
54
21
39
251
205
47
102
202
134
219
37
41
16
60
110
62
50
208
38
150
59
62
30
26
226
25
190
52
210
202
68
126
239
252
17
210
170
5
190
80
217
191
132
158
71
217
185
232
63
73
31
253
141
67
182
248
246
12
25
180
112
50
248
188
150
167
57
20
42
156
148
45
18
213
189
123
186
127
210
8
95
213
244
137
170
71
240
172
69
24
219
157
235
10
223
167
199
199
8
160
159
165
189
163
180
242
235
183
133
58
62
119
57
17
84
154
62
110
18
79
182
141
206
18
192
247
65
8
245
21
179
242
119
50
104
185
24
80
212
183
91
56
38
10
218
100
99
218
181
69
104
89
181
184
234
18
215
171
227
189
177
227
194
112
135
75
0
7
168
155
130
238
154
90
243
125
102
195
55
92
148
103
82
176
173
90
61
190
72
86
226
108
108
22
6
120
118
182
131
142
99
91
49
25
194
122
191
90
196
108
171
19
116
135
41
73
144
17
195
45
14
65
190
82
185
21
129
131
83
123
6
176
64
168
248
56
53
56
237
50
155
226
249
219
170
206
248
229
237
188
231
101
243
86
128
33
156
222
96
172
249
59
7
73
102
251
211
203
142
241
20
87
35
144
145
44
72
226
168
234
29
155
150
151
148
160
189
233
40
214
155
86
216
65
56
95
219
176
117
175
251
45
86
251
168
143
66
98
196
83
217
186
54
118
143
93
165
111
180
197
61
233
162
184
85
189
127
226
88
50
81
151
109
248
239
240
69
154
238
4
94
90
36
212
253
225
32
98
177
218
186
107
251
176
113
17
138
158
165
234
16
95
10
146
2
65
76
61
134
159
24
10
128
176
102
227
196
206
187
116
157
29
48
125
119
229
156
189
135
222
102
166
244
4
243
254
80
146
210
187
148
226
219
18
194
176
234
74
73
142
76
187
227
49
76
242
47
141
27
28
165
143
182
167
56
114
21
124
188
104
147
50
252
255
224
187
65
30
187
199
251
81
115
249
145
170
194
195
184
1
207
195
119
181
21
5
44
51
217
80
154
109
142
225
251
26
191
227
81
145
176
16
209
83
33
84
27
188
22
142
175
81
196
187
152
207
187
70
233
218
142
14
68
106
44
141
195
146
254
119
234
223
114
38
80
190
241
35
147
193
233
111
29
74
160
72
169
210
72
43
94
120
250
118
2
162
203
102
38
148
145
136
190
158
164
208
223
157
107
217
222
151
179
40
241
31
240
250
202
228
227
240
74
211
24
113
229
252
36
173
242
138
252
255
48
96
177
127
166
208
105
11
103
110
76
199
197
209
133
226
178
209
156
66
176
160
62
235
133
50
235
227
121
189
231
84
154
179
248
144
110
113
83
249
123
216
137
219
134
81
172
19
119
65
251
32
237
186
79
144
34
197
250
115
229
134
146
170
135
248
44
17
217
245
116
64
126
163
199
216
22
99
100
51
134
215
108
55
193
198
103
224
100
103
109
168
118
223
19
244
69
223
84
142
36
154
58
129
205
186
162
73
243
119
121
191
96
198
237
14
26
91
232
192
144
76
173
113
135
204
202
158
144
210
146
55
14
214
14
236
157
234
106
6
35
29
236
236
238
174
71
176
242
5
218
233
247
147
253
216
236
200
250
0
240
4
185
32
228
66
176
138
183
0
112
48
241
225
157
115
96
192
131
217
132
25
171
138
247
169
64
123
217
54
255
213
239
105
22
31
99
203
8
172
254
189
248
241
148
170
248
21
245
137
119
43
69
33
124
214
88
47
41
59
2
52
177
128
1
155
64
135
203
126
15
148
184
214
218
199
33
186
245
77
177
42
134
79
190
212
143
206
237
63
198
52
162
204
169
201
12
119
240
249
106
112
73
119
122
227
114
110
70
181
181
158
57
220
138
215
174
98
193
45
11
113
154
140
183
219
241
235
45
16
187
169
201
252
226
64
224
14
213
219
97
32
136
55
138
40
251
198
66
210
27
170
181
195
237
249
213
189
191
158
241
134
65
53
250
11
212
61
249
73
246
159
140
230
203
234
233
99
2
143
224
43
169
90
245
17
244
6
14
233
107
35
79
54
233
218
223
82
61
126
83
189
205
249
219
123
29
207
247
2
15
114
187
47
190
198
221
230
64
233
23
206
46
15
222
211
80
86
252
240
11
151
37
131
60
34
94
175
126
121
243
37
14
12
217
248
103
32
119
35
253
248
18
84
103
132
143
189
27
8
43
198
210
7
247
120
77
56
242
156
104
46
103
198
245
242
192
34
53
229
107
47
223
217
243
18
132
208
28
184
147
161
148
118
77
45
83
7
21
97
171
47
45
219
187
206
145
75
95
117
196
108
135
53
156
251
231
248
19
228
243
124
27
58
8
199
153
241
120
199
159
185
13
212
58
60
2
4
30
36
129
57
113
167
243
38
25
95
217
81
70
90
243
48
109
47
20
243
210
244
53
160
210
151
213
11
95
178
250
96
249
227
218
238
99
186
10
116
70
226
173
58
23
38
129
68
197
220
102
11
40
15
49
42
239
225
102
217
209
232
199
103
100
121
88
99
128
5
205
179
36
160
172
240
71
250
136
171
22
145
69
131
75
239
56
234
177
175
254
130
83
49
162
94
27
69
214
157
206
30
196
191
14
179
231
136
98
65
227
244
88
187
194
64
162
67
27
117
65
109
177
208
6
75
96
243
253
78
212
1
36
235
220
248
205
134
116
152
8
176
135
111
204
10
41
152
110
98
187
215
42
96
92
97
108
243
184
195
83
243
138
20
108
226
208
109
222
202
114
28
207
131
109
144
229
66
4
252
33
199
133
155
146
253
214
195
142
123
140
217
205
176
69
20
37
114
2
234
57
188
185
163
239
159
7
167
243
204
123
42
239
188
162
139
110
239
130
110
11
12
223
98
61
153
78
30
61
89
106
114
63
25
194
100
13
225
171
242
246
47
208
193
0
98
234
17
14
185
165
54
240
148
223
45
221
87
101
86
80
232
105
154
97
8
235
213
249
61
125
141
68
143
120
219
59
29
98
219
174
61
16
131
179
52
130
171
58
149
135
182
123
84
162
13
198
54
96
248
118
20
23
208
60
24
242
97
27
3
241
192
245
137
167
19
216
229
231
44
133
64
155
100
182
198
17
239
237
107
20
5
188
105
101
154
38
63
71
154
66
33
143
54
163
198
193
241
173
142
53
225
78
52
114
54
121
178
26
117
6
2
115
176
238
236
4
139
36
13
236
153
157
76
233
100
176
100
193
239
5
32
66
94
53
51
182
135
247
46
33
115
36
209
148
63
173
223
71
183
194
53
204
159
162
156
67
2
74
13
134
20
241
42
112
230
192
20
122
186
53
124
147
246
235
121
116
203
184
169
182
208
28
10
45
207
83
162
188
153
240
180
61
234
167
13
130
250
97
173
127
152
100
140
129
70
162
213
180
40
39
119
74
161
86
181
247
230
252
160
147
30
88
224
202
129
63
169
79
222
246
121
106
10
42
29
107
144
136
231
45
125
238
147
113
121
105
156
147
241
21
155
253
192
26
97
64
132
194
0
6
248
134
213
50
173
12
64
118
56
73
103
94
21
115
21
47
197
110
80
23
162
22
93
200
91
124
169
239
200
221
231
205
135
224
52
247
24
97
195
108
41
37
90
167
174
61
232
77
5
49
123
21
113
233
100
226
40
12
214
49
99
80
173
91
98
153
214
52
62
30
23
99
170
228
238
125
187
182
26
30
148
91
234
151
97
210
92
158
124
81
206
11
138
146
9
216
119
255
69
20
102
179
14
230
26
23
106
141
250
230
39
114
242
184
156
7
101
22
249
144
61
56
184
236
79
11
216
24
219
21
6
188
112
5
183
225
77
4
125
74
103
206
163
149
42
91
25
210
245
1
115
96
5
181
215
46
250
33
150
14
63
82
177
229
224
106
2
237
0
187
186
97
152
175
40
110
148
34
194
244
241
6
34
217
162
165
183
187
45
137
230
43
109
110
11
20
29
190
181
192
89
44
209
58
71
18
199
85
140
104
153
216
95
162
28
56
48
215
67
59
179
70
191
119
213
142
244
42
164
20
81
213
108
1
154
197
52
232
146
144
221
97
47
197
239
13
203
202
81
210
228
69
123
122
12
18
108
90
100
184
29
157
177
120
23
196
107
94
8
87
4
71
69
178
93
82
23
250
135
199
194
41
216
210
47
11
90
242
245
135
88
217
131
217
114
63
175
182
173
43
161
109
194
250
206
156
0
200
28
186
251
114
210
157
245
243
197
223
72
11
105
121
104
128
254
42
196
107
64
30
163
96
76
92
37
85
103
221
4
146
11
145
213
59
140
229
7
230
227
126
121
208
110
161
193
39
4
66
251
163
216
148
136
254
22
154
38
118
119
160
140
231
219
182
0
215
164
45
244
25
35
222
136
193
164
210
242
170
154
254
80
37
226
96
185
119
9
215
36
241
191
144
110
67
242
146
244
183
161
233
131
215
77
226
128
250
12
198
89
68
168
123
219
121
80
102
5
123
252
137
206
205
9
2
89
146
111
68
207
18
222
58
9
177
122
121
215
255
223
191
106
67
125
224
72
67
181
245
243
139
140
121
187
24
27
181
206
74
136
238
139
199
246
71
101
109
114
42
254
214
143
5
155
60
30
138
80
41
186
21
221
121
81
68
133
100
126
240
149
196
171
140
118
241
52
163
76
53
122
218
209
138
246
28
252
134
221
126
249
144
101
164
144
114
17
17
117
178
193
1
238
129
148
57
43
2
142
170
8
123
62
26
174
223
68
82
130
53
71
255
134
0
247
5
94
6
251
4
223
34
45
154
116
121
235
79
245
189
240
249
247
51
118
126
82
75
246
177
46
190
142
64
106
194
122
238
138
143
218
37
6
138
202
229
77
163
165
53
243
244
92
197
69
78
7
83
137
120
179
19
16
73
213
32
148
237
47
178
255
253
197
102
226
202
242
108
104
144
48
174
166
192
190
57
98
201
250
28
186
38
100
17
220
199
21
188
181
169
81
96
115
243
54
246
47
245
227
122
91
154
235
249
72
4
108
79
139
155
190
202
242
19
247
216
152
179
138
26
180
54
183
190
62
208
58
178
137
200
10
108
229
128
192
32
59
107
201
215
90
197
49
25
235
134
109
96
252
93
93
123
107
200
197
37
227
44
186
119
202
186
198
194
144
81
229
114
82
214
157
44
234
178
191
238
4
157
211
184
98
218
181
43
106
143
0
29
186
155
61
14
176
81
13
160
255
110
136
153
161
251
13
37
192
49
144
184
8
215
32
69
89
2
20
239
4
154
88
1
80
199
184
183
153
142
123
152
165
31
239
149
21
57
22
103
205
144
107
57
254
72
20
226
122
248
181
174
61
29
155
101
22
135
72
218
66
86
139
49
181
248
19
233
231
139
47
31
236
172
34
116
46
30
2
8
179
213
60
161
217
205
91
135
132
137
126
141
240
60
37
118
4
58
132
6
52
43
251
239
200
149
193
144
251
38
54
248
133
64
38
109
26
234
87
231
157
139
101
94
12
162
47
175
135
171
112
244
154
251
212
136
218
76
217
68
11
202
140
93
82
134
8
176
21
184
92
25
226
156
105
168
197
156
227
37
101
18
9
79
181
66
93
137
107
158
146
206
16
19
219
210
254
7
11
133
153
127
154
206
79
86
17
253
146
43
194
61
104
179
222
249
193
61
167
16
41
127
68
118
37
142
9
207
193
151
170
189
144
94
140
230
119
58
255
95
48
96
247
64
220
84
102
93
53
225
16
193
96
251
92
26
58
35
169
193
77
66
59
251
129
4
172
9
39
247
130
135
62
72
223
200
135
3
153
209
40
171
153
224
134
233
93
149
2
113
172
83
145
61
17
237
36
252
191
215
167
92
53
61
95
137
130
23
28
147
146
54
137
216
153
161
169
91
116
152
167
23
6
182
75
46
245
0
54
241
163
139
68
194
41
203
118
91
128
252
102
69
120
110
222
117
201
185
164
112
68
201
135
39
48
144
85
127
242
49
148
130
225
42
239
7
242
199
174
206
43
77
219
120
49
97
159
151
216
213
100
60
92
198
172
218
4
28
145
152
117
246
105
79
104
228
100
77
127
215
130
2
10
214
68
247
238
14
245
206
241
189
167
29
204
87
38
26
126
21
2
213
54
22
88
52
228
139
16
77
253
81
24
0
82
98
50
133
129
181
236
245
39
194
167
183
79
75
130
16
190
73
207
105
212
173
203
244
125
16
19
98
254
168
209
160
164
166
202
106
37
160
153
200
40
12
174
115
110
160
229
152
8
255
143
180
129
175
43
165
150
61
8
113
161
137
246
126
241
7
18
168
129
24
234
30
175
7
64
199
254
88
133
220
43
123
90
254
25
28
30
245
122
37
211
232
151
39
38
158
22
48
129
102
141
60
22
239
21
113
4
122
110
99
166
61
183
43
70
38
47
247
101
213
232
29
46
92
69
2
134
136
224
162
177
206
215
31
78
238
100
106
233
168
24
164
135
22
126
149
48
108
225
0
111
30
202
172
125
112
13
186
170
18
234
124
153
204
178
215
102
152
220
87
194
197
14
189
189
68
149
23
221
175
210
25
166
224
50
147
4
43
161
221
225
170
191
215
189
155
10
187
100
166
47
151
144
138
61
169
16
13
239
57
219
246
220
251
64
209
213
185
153
30
211
59
247
254
118
24
5
54
255
33
57
218
178
54
127
58
137
28
162
137
131
246
60
103
2
234
205
195
150
236
198
81
34
70
211
243
160
145
19
37
163
217
13
205
255
1
67
166
123
5
71
184
22
15
154
221
255
143
251
139
75
65
160
19
90
232
183
108
99
139
154
247
8
124
229
170
232
110
103
1
167
38
71
144
164
13
58
18
171
245
244
16
149
136
218
98
57
250
114
23
73
214
67
240
107
79
175
153
42
240
245
144
39
250
227
36
249
15
111
77
173
165
192
109
151
137
98
128
162
131
113
237
251
79
184
208
227
87
36
84
93
160
231
187
0
99
233
155
164
182
104
41
139
37
106
163
21
213
88
226
237
47
247
167
127
7
149
215
66
19
64
162
234
26
239
12
190
5
108
51
160
198
220
235
26
71
98
214
229
20
187
13
254
66
103
46
169
63
60
249
206
17
89
145
117
198
62
113
53
94
229
16
105
37
66
38
82
11
140
55
164
190
242
45
87
51
163
168
179
192
99
126
201
114
101
143
109
75
118
84
8
241
160
135
46
170
164
217
255
64
220
157
178
4
84
15
30
43
57
65
35
150
190
116
250
103
71
246
191
179
185
7
149
56
46
179
29
107
254
173
143
201
168
114
228
197
203
196
29
85
112
65
17
52
49
114
51
44
140
199
99
173
25
76
134
212
8
122
214
161
241
178
44
139
178
89
237
75
143
52
156
130
216
106
66
119
245
96
6
187
128
241
223
55
73
225
175
92
235
16
189
80
238
124
100
189
21
133
129
215
133
231
156
87
42
224
212
175
10
15
222
167
116
26
32
0
211
244
66
209
170
145
95
127
119
75
148
92
5
132
98
111
222
47
54
152
85
135
12
104
12
255
81
220
49
21
220
212
91
100
234
32
67
176
45
243
136
29
224
222
76
120
169
133
172
111
200
68
227
136
170
75
231
217
197
171
63
130
78
97
111
191
0
161
154
66
44
46
1
67
16
55
167
46
28
147
85
204
47
194
77
151
241
211
185
158
56
106
235
130
179
5
207
126
111
141
119
8
234
106
67
154
67
159
120
115
164
185
189
49
85
115
82
139
20
216
206
45
232
252
9
193
67
127
143
10
104
41
190
142
27
77
226
197
126
179
84
81
91
70
250
126
173
186
44
64
178
67
106
151
191
74
31
238
96
129
86
195
16
110
10
122
250
46
21
8
144
141
12
96
131
124
210
162
2
139
20
137
83
78
87
37
190
39
207
209
45
243
100
253
92
145
64
237
59
127
131
126
164
36
175
37
54
9
19
66
120
125
235
213
109
205
111
194
22
228
188
211
95
67
218
156
41
15
4
242
59
229
102
130
7
150
228
47
158
50
239
180
20
141
89
176
8
142
144
143
33
126
214
86
194
176
31
96
73
18
251
38
5
33
6
146
22
104
205
214
232
64
35
228
245
7
191
209
234
41
148
154
127
116
208
189
14
15
192
87
118
131
229
139
54
200
175
242
134
198
154
159
192
185
167
225
91
241
96
186
241
77
118
32
126
96
167
144
80
73
131
6
168
118
96
100
91
152
173
45
88
204
75
35
142
245
217
197
205
239
98
29
175
5
102
41
13
196
13
214
32
30
162
61
66
148
246
74
89
66
133
194
67
51
98
36
2
82
145
136
134
225
194
97
230
102
87
163
16
54
87
150
138
215
12
57
42
13
225
250
255
143
108
138
105
159
217
123
163
65
39
186
51
133
79
62
91
64
86
220
60
83
57
34
235
239
55
107
38
40
250
244
113
150
137
246
117
56
247
71
140
219
255
207
15
156
99
5
136
205
221
233
182
5
190
172
85
74
159
122
103
109
84
122
70
50
73
156
251
88
201
35
72
15
79
97
83
106
18
78
139
50
227
88
74
16
61
107
216
221
161
42
152
125
223
31
134
133
136
221
82
199
9
47
3
185
160
167
182
93
88
235
56
80
238
53
138
252
48
53
244
221
195
30
183
159
139
203
47
47
218
206
225
53
251
196
40
179
84
144
111
150
181
123
132
182
242
72
142
170
149
138
84
83
232
117
3
235
120
100
46
213
119
134
130
138
9
2
84
42
13
214
167
159
197
94
39
72
154
1
172
66
60
133
154
79
121
142
77
134
193
61
59
240
97
154
30
47
248
250
172
239
243
99
156
190
227
181
141
137
77
186
80
119
183
236
152
242
235
51
16
123
181
205
105
208
154
183
61
43
63
248
79
160
84
189
78
217
232
220
108
195
0
195
56
6
236
196
56
117
1
44
68
197
233
49
57
38
250
204
35
44
120
98
74
85
106
176
34
250
157
191
9
15
198
77
122
242
149
99
227
214
126
199
41
18
179
138
182
35
131
40
222
28
184
64
75
158
120
227
155
60
162
61
216
65
35
53
254
156
182
70
145
151
232
77
173
176
56
56
161
224
249
254
118
116
225
237
86
134
1
219
122
177
199
167
52
65
238
232
238
126
139
26
108
60
151
71
51
106
147
154
102
64
65
187
67
163
198
100
96
54
222
120
154
219
204
223
207
65
25
107
194
80
73
35
85
222
145
58
220
153
185
236
243
103
117
58
112
12
100
144
122
138
135
184
160
18
127
145
112
184
119
241
81
39
216
22
246
30
101
100
17
140
135
198
124
242
133
51
101
145
110
195
221
136
241
55
200
144
130
66
94
0
201
36
34
199
154
203
142
94
67
82
166
255
127
238
3
192
60
174
141
76
43
222
73
180
20
200
54
160
77
102
155
35
6
17
195
99
164
180
87
185
165
6
78
27
28
222
9
3
52
8
84
212
180
18
212
234
218
109
179
210
149
237
17
221
183
130
249
109
43
160
27
135
86
211
167
36
144
46
151
54
190
51
108
69
17
198
110
243
60
216
136
55
0
133
35
183
245
112
100
153
229
155
216
148
236
204
126
225
107
175
89
172
213
125
19
98
129
204
203
241
19
5
49
82
23
228
135
209
175
239
47
32
201
253
81
35
91
215
88
69
71
141
136
140
127
220
97
131
113
193
53
41
164
114
134
224
106
133
124
8
69
173
49
123
128
57
226
216
44
240
7
169
115
134
169
134
124
164
211
58
131
3
95
238
186
5
123
87
119
113
184
213
90
80
0
154
92
13
12
70
250
136
87
129
186
139
182
30
201
255
99
197
178
66
132
65
77
67
193
122
189
139
96
187
55
49
78
34
133
15
41
110
152
141
64
250
172
221
52
46
79
93
141
119
13
243
35
24
203
190
76
25
76
145
136
110
40
155
74
136
61
147
152
186
214
245
45
37
1
138
148
112
15
147
43
96
253
232
174
67
14
53
87
199
194
16
34
6
4
209
209
16
146
171
240
188
196
211
161
24
197
253
23
65
41
220
10
185
102
40
113
63
237
6
121
7
59
209
247
197
210
38
32
47
184
132
221
99
162
110
155
41
71
149
126
17
30
22
157
229
6
105
160
219
96
146
35
140
50
233
128
243
220
220
69
158
221
232
136
165
255
167
22
247
141
72
248
87
136
104
232
37
52
17
191
105
134
69
207
38
97
81
48
184
238
168
77
107
80
223
52
54
141
247
230
95
82
168
78
23
153
203
3
202
1
90
190
202
29
220
24
152
25
98
68
173
118
94
9
228
251
141
7
169
52
178
152
60
43
95
22
221
246
183
140
149
77
101
183
147
233
130
78
116
198
156
28
42
178
56
232
243
159
